0.0
0.0
0.0
0.0
0.0
0.0
0.0
0.0
106.0
515.0
642.0
631.0
329.0
324.0
104.0
0.0
0.0
0.0
0.0
0.0
0.0
0.0
0.0
0.0
0.0
0.0
0.0
0.0
0.0
0.0
0.0
0.0
0.0
0.0
20.0
103.0
233.0
82.0
3.0
3.0
0.0
0.0
0.0
0.0
0.0
0.0
0.0
0.0
0.0
0.0
0.0
0.0
0.0
0.0
0.0
0.0
12.0
75.0
148.0
69.0
7.0
49.0
4.0
33.0
36.0
0.0
0.0
0.0
0.0
0.0
0.0
0.0
0.0
0.0
0.0
0.0
0.0
0.0
0.0
0.0
289.0
596.0
766.0
838.0
856.0
747.0
739.0
634.0
177.0
0.0
0.0
0.0
0.0
0.0
0.0
0.0
0.0
0.0
0.0
0.0
0.0
0.0
0.0
0.0
98.0
247.0
433.0
683.0
680.0
486.0
257.0
61.0
9.0
0.0
0.0
0.0
0.0
0.0
0.0
0.0
0.0
0.0
0.0
0.0
0.0
0.0
0.0
0.0
0.0
0.0
0.0
0.0
0.0
0.0
0.0
0.0
0.0
0.0
0.0
0.0
0.0
0.0
0.0
0.0
0.0
0.0
0.0
0.0
0.0
0.0
0.0
0.0
38.0
273.0
244.0
103.0
71.0
14.0
0.0
0.0
18.0
0.0
0.0
0.0
0.0
0.0
0.0
0.0
0.0
0.0
0.0
0.0
0.0
0.0
0.0
0.0
55.0
334.0
717.0
790.0
761.0
654.0
448.0
242.0
106.0
0.0
0.0
0.0
0.0
0.0
0.0
0.0
0.0
0.0
0.0
0.0
0.0
0.0
0.0
0.0
0.0
0.0
1.0
114.0
189.0
60.0
97.0
366.0
179.0
0.0
0.0
0.0
0.0
0.0
0.0
0.0
0.0
0.0
0.0
0.0
0.0
0.0
0.0
0.0
0.0
93.0
153.0
68.0
72.0
181.0
117.0
51.0
107.0
0.0
0.0
0.0
0.0
0.0
0.0
0.0
0.0
0.0
0.0
0.0
0.0
0.0
0.0
0.0
229.0
58.0
91.0
95.0
42.0
37.0
2.0
0.0
0.0
0.0
0.0
0.0
0.0
0.0
0.0
0.0
0.0
0.0
0.0
0.0
0.0
0.0
0.0
0.0
0.0
37.0
132.0
99.0
348.0
173.0
12.0
0.0
0.0
0.0
0.0
0.0
0.0
0.0
0.0
0.0
0.0
0.0
0.0
0.0
0.0
0.0
0.0
0.0
3.0
116.0
454.0
732.0
855.0
847.0
751.0
590.0
259.0
0.0
0.0
0.0
0.0
0.0
0.0
0.0
0.0
0.0
0.0
0.0
0.0
0.0
0.0
0.0
11.0
56.0
348.0
616.0
803.0
850.0
770.0
663.0
289.0
0.0
0.0
0.0
0.0
0.0
0.0
0.0
0.0
0.0
0.0
0.0
0.0
0.0
0.0
0.0
323.0
646.0
798.0
873.0
879.0
865.0
752.0
664.0
217.0
0.0
0.0
0.0
0.0
0.0
0.0
0.0
0.0
0.0
0.0
0.0
0.0
0.0
0.0
0.0
0.0
67.0
60.0
6.0
66.0
12.0
0.0
0.0
0.0
0.0
0.0
0.0
0.0
0.0
0.0
0.0
0.0
0.0
0.0
0.0
0.0
0.0
0.0
0.0
0.0
0.0
0.0
0.0
0.0
0.0
0.0
0.0
0.0
0.0
0.0
0.0
0.0
0.0
0.0
0.0
0.0
0.0
0.0
0.0
0.0
0.0
0.0
0.0
0.0
0.0
0.0
0.0
0.0
0.0
0.0
0.0
0.0
0.0
0.0
0.0
0.0
0.0
0.0
0.0
0.0
0.0
0.0
0.0
0.0
0.0
0.0
0.0
0.0
0.0
79.0
296.0
520.0
769.0
779.0
573.0
289.0
0.0
0.0
0.0
0.0
0.0
0.0
0.0
0.0
0.0
0.0
0.0
0.0
0.0
0.0
0.0
305.0
550.0
672.0
791.0
807.0
813.0
789.0
644.0
332.0
0.0
0.0
0.0
0.0
0.0
0.0
0.0
0.0
0.0
0.0
0.0
0.0
0.0
0.0
0.0
0.0
0.0
0.0
0.0
0.0
0.0
0.0
1.0
90.0
0.0
0.0
0.0
0.0
0.0
0.0
0.0
0.0
0.0
0.0
0.0
0.0
0.0
0.0
0.0
371.0
561.0
666.0
740.0
709.0
704.0
703.0
529.0
69.0
0.0
0.0
0.0
0.0
0.0
0.0
0.0
0.0
0.0
0.0
0.0
0.0
0.0
0.0
0.0
18.0
14.0
153.0
203.0
188.0
455.0
392.0
414.0
264.0
0.0
0.0
0.0
0.0
0.0
0.0
0.0
0.0
0.0
0.0
0.0
0.0
0.0
0.0
0.0
0.0
0.0
0.0
0.0
0.0
0.0
0.0
0.0
0.0
0.0
0.0
0.0
0.0
0.0
0.0
0.0
0.0
0.0
0.0
0.0
0.0
0.0
0.0
0.0
303.0
250.0
93.0
123.0
243.0
242.0
314.0
339.0
378.0
0.0
0.0
0.0
0.0
0.0
0.0
0.0
0.0
0.0
0.0
0.0
0.0
0.0
0.0
0.0
41.0
248.0
568.0
378.0
121.0
362.0
744.0
691.0
400.0
0.0
0.0
0.0
0.0
0.0
0.0
0.0
0.0
0.0
0.0
0.0
0.0
0.0
0.0
0.0
342.0
691.0
824.0
869.0
878.0
871.0
831.0
666.0
327.0
0.0
0.0
0.0
0.0
0.0
0.0
0.0
0.0
0.0
0.0
0.0
0.0
0.0
0.0
0.0
367.0
140.0
80.0
275.0
191.0
14.0
0.0
0.0
0.0
0.0
0.0
0.0
0.0
0.0
0.0
0.0
0.0
0.0
0.0
0.0
0.0
0.0
0.0
0.0
0.0
0.0
0.0
0.0
0.0
0.0
0.0
0.0
0.0
0.0
0.0
0.0
0.0
0.0
0.0
0.0
0.0
0.0
0.0
0.0
0.0
0.0
0.0
0.0
0.0
0.0
0.0
0.0
0.0
0.0
0.0
0.0
0.0
0.0
0.0
0.0
0.0
0.0
0.0
0.0
0.0
0.0
0.0
0.0
0.0
0.0
0.0
0.0
0.0
0.0
3.0
37.0
50.0
38.0
1.0
0.0
16.0
0.0
0.0
0.0
0.0
0.0
0.0
0.0
0.0
0.0
0.0
0.0
0.0
0.0
0.0
0.0
0.0
0.0
0.0
0.0
0.0
0.0
0.0
0.0
0.0
0.0
0.0
0.0
0.0
0.0
0.0
0.0
0.0
0.0
0.0
0.0
0.0
0.0
0.0
0.0
195.0
531.0
761.0
861.0
818.0
804.0
613.0
137.0
63.0
0.0
0.0
0.0
0.0
0.0
0.0
0.0
0.0
0.0
0.0
0.0
0.0
0.0
0.0
0.0
387.0
709.0
863.0
848.0
873.0
868.0
829.0
733.0
560.0
0.0
0.0
0.0
0.0
0.0
0.0
0.0
0.0
0.0
0.0
0.0
0.0
0.0
0.0
0.0
291.0
689.0
807.0
798.0
818.0
790.0
638.0
682.0
505.0
0.0
0.0
0.0
0.0
0.0
0.0
0.0
0.0
0.0
0.0
0.0
0.0
0.0
0.0
0.0
0.0
0.0
0.0
0.0
0.0
0.0
0.0
0.0
0.0
0.0
0.0
0.0
0.0
0.0
0.0
0.0
0.0
0.0
0.0
0.0
0.0
0.0
0.0
0.0
0.0
0.0
0.0
0.0
0.0
0.0
0.0
0.0
0.0
0.0
0.0
0.0
0.0
0.0
0.0
0.0
0.0
0.0
0.0
0.0
0.0
0.0
0.0
0.0
0.0
2.0
0.0
0.0
0.0
0.0
0.0
0.0
0.0
0.0
0.0
0.0
0.0
0.0
0.0
0.0
0.0
0.0
0.0
0.0
0.0
0.0
0.0
0.0
0.0
0.0
0.0
0.0
97.0
329.0
308.0
388.0
379.0
10.0
0.0
0.0
0.0
0.0
0.0
0.0
0.0
0.0
0.0
0.0
0.0
0.0
0.0
0.0
4.0
4.0
19.0
8.0
67.0
67.0
51.0
8.0
0.0
0.0
0.0
0.0
0.0
0.0
0.0
0.0
0.0
0.0
0.0
0.0
0.0
0.0
0.0
0.0
0.0
0.0
0.0
0.0
96.0
565.0
636.0
655.0
607.0
17.0
0.0
0.0
0.0
0.0
0.0
0.0
0.0
0.0
0.0
0.0
0.0
0.0
0.0
0.0
0.0
0.0
0.0
0.0
0.0
3.0
2.0
0.0
0.0
0.0
0.0
0.0
0.0
0.0
0.0
0.0
0.0
0.0
0.0
0.0
0.0
0.0
0.0
0.0
0.0
0.0
0.0
0.0
0.0
111.0
645.0
722.0
448.0
31.0
0.0
0.0
0.0
0.0
0.0
0.0
0.0
0.0
0.0
0.0
0.0
0.0
0.0
45.0
649.0
790.0
902.0
825.0
706.0
263.0
35.0
25.0
293.0
70.0
0.0
0.0
0.0
0.0
0.0
0.0
0.0
0.0
0.0
0.0
0.0
0.0
0.0
39.0
204.0
19.0
201.0
667.0
771.0
822.0
746.0
544.0
580.0
99.0
0.0
0.0
0.0
0.0
0.0
0.0
0.0
0.0
0.0
0.0
0.0
0.0
0.0
47.0
512.0
587.0
373.0
306.0
274.0
216.0
123.0
303.0
208.0
24.0
0.0
0.0
0.0
0.0
0.0
0.0
0.0
0.0
0.0
0.0
0.0
0.0
0.0
0.0
13.0
159.0
273.0
364.0
801.0
828.0
797.0
647.0
262.0
67.0
0.0
0.0
0.0
0.0
0.0
0.0
0.0
0.0
0.0
0.0
0.0
0.0
0.0
0.0
81.0
374.0
688.0
777.0
636.0
349.0
294.0
133.0
41.0
0.0
0.0
0.0
0.0
0.0
0.0
0.0
0.0
0.0
0.0
0.0
0.0
0.0
0.0
111.0
305.0
119.0
44.0
9.0
64.0
84.0
113.0
104.0
66.0
87.0
0.0
0.0
0.0
0.0
0.0
0.0
0.0
0.0
0.0
0.0
0.0
0.0
0.0
106.0
611.0
746.0
863.0
889.0
900.0
947.0
866.0
751.0
653.0
133.0
0.0
0.0
0.0
0.0
0.0
0.0
0.0
0.0
0.0
0.0
0.0
0.0
0.0
88.0
235.0
265.0
100.0
16.0
2.0
8.0
11.0
0.0
0.0
0.0
0.0
0.0
0.0
0.0
0.0
0.0
0.0
0.0
0.0
0.0
0.0
0.0
0.0
0.0
0.0
0.0
0.0
1.0
2.0
4.0
1.0
0.0
0.0
0.0
0.0
0.0
0.0
0.0
0.0
0.0
0.0
0.0
0.0
0.0
0.0
0.0
0.0
0.0
87.0
403.0
687.0
851.0
737.0
513.0
542.0
745.0
636.0
0.0
0.0
0.0
0.0
0.0
0.0
0.0
0.0
0.0
0.0
0.0
0.0
0.0
0.0
177.0
598.0
541.0
388.0
598.0
727.0
345.0
183.0
338.0
238.0
204.0
0.0
0.0
0.0
0.0
0.0
0.0
0.0
0.0
0.0
0.0
0.0
0.0
0.0
26.0
45.0
0.0
0.0
0.0
0.0
0.0
0.0
0.0
0.0
0.0
0.0
0.0
0.0
0.0
0.0
0.0
0.0
0.0
0.0
0.0
0.0
0.0
0.0
0.0
0.0
0.0
0.0
0.0
0.0
0.0
0.0
0.0
0.0
0.0
0.0
0.0
0.0
0.0
0.0
0.0
0.0
0.0
0.0
0.0
0.0
0.0
0.0
17.0
269.0
612.0
664.0
519.0
456.0
254.0
271.0
602.0
600.0
301.0
0.0
0.0
0.0
0.0
0.0
0.0
0.0
0.0
0.0
0.0
0.0
0.0
0.0
0.0
0.0
0.0
18.0
80.0
130.0
170.0
251.0
444.0
532.0
246.0
0.0
0.0
0.0
0.0
0.0
0.0
0.0
0.0
0.0
0.0
0.0
0.0
0.0
0.0
295.0
643.0
847.0
758.0
828.0
876.0
835.0
798.0
572.0
292.0
0.0
0.0
0.0
0.0
0.0
0.0
0.0
0.0
0.0
0.0
0.0
0.0
0.0
0.0
0.0
9.0
9.0
2.0
0.0
1.0
39.0
63.0
6.0
0.0
0.0
0.0
0.0
0.0
0.0
0.0
0.0
0.0
0.0
0.0
0.0
0.0
0.0
64.0
339.0
448.0
707.0
692.0
503.0
387.0
407.0
138.0
0.0
0.0
0.0
0.0
0.0
0.0
0.0
0.0
0.0
0.0
0.0
0.0
0.0
0.0
0.0
0.0
0.0
0.0
0.0
45.0
358.0
264.0
68.0
0.0
0.0
0.0
0.0
0.0
0.0
0.0
0.0
0.0
0.0
0.0
0.0
0.0
0.0
0.0
0.0
0.0
0.0
0.0
0.0
0.0
0.0
0.0
0.0
0.0
0.0
0.0
0.0
0.0
0.0
0.0
0.0
0.0
0.0
0.0
0.0
0.0
0.0
0.0
0.0
143.0
461.0
315.0
0.0
0.0
0.0
0.0
0.0
0.0
0.0
0.0
0.0
0.0
0.0
0.0
0.0
0.0
0.0
0.0
0.0
0.0
0.0
0.0
0.0
305.0
603.0
712.0
581.0
464.0
677.0
870.0
917.0
866.0
721.0
419.0
0.0
0.0
0.0
0.0
0.0
0.0
0.0
0.0
0.0
0.0
0.0
0.0
0.0
326.0
653.0
543.0
101.0
22.0
84.0
60.0
56.0
31.0
124.0
339.0
0.0
0.0
0.0
0.0
0.0
0.0
0.0
0.0
0.0
0.0
0.0
0.0
0.0
0.0
0.0
0.0
0.0
0.0
0.0
0.0
0.0
0.0
0.0
0.0
0.0
0.0
0.0
0.0
0.0
0.0
0.0
0.0
0.0
0.0
0.0
0.0
0.0
0.0
0.0
0.0
0.0
0.0
0.0
0.0
0.0
0.0
0.0
0.0
0.0
0.0
0.0
0.0
0.0
0.0
0.0
0.0
0.0
0.0
0.0
0.0
0.0
0.0
0.0
0.0
0.0
0.0
0.0
0.0
0.0
0.0
0.0
0.0
0.0
0.0
0.0
0.0
0.0
0.0
0.0
0.0
0.0
0.0
0.0
0.0
0.0
220.0
683.0
793.0
889.0
894.0
732.0
560.0
360.0
321.0
115.0
7.0
0.0
0.0
0.0
0.0
0.0
0.0
0.0
0.0
0.0
0.0
0.0
0.0
0.0
0.0
22.0
60.0
100.0
83.0
42.0
1.0
12.0
13.0
59.0
66.0
0.0
0.0
0.0
0.0
0.0
0.0
0.0
0.0
0.0
0.0
0.0
0.0
0.0
505.0
452.0
445.0
304.0
23.0
1.0
1.0
2.0
99.0
145.0
22.0
0.0
0.0
0.0
0.0
0.0
0.0
0.0
0.0
0.0
0.0
0.0
0.0
0.0
0.0
0.0
0.0
0.0
0.0
0.0
0.0
0.0
0.0
0.0
0.0
0.0
0.0
0.0
0.0
0.0
0.0
0.0
0.0
0.0
0.0
0.0
0.0
0.0
429.0
726.0
911.0
977.0
993.0
990.0
974.0
953.0
759.0
535.0
108.0
0.0
0.0
0.0
0.0
0.0
0.0
0.0
0.0
0.0
0.0
0.0
0.0
0.0
567.0
731.0
863.0
898.0
903.0
893.0
756.0
604.0
288.0
309.0
64.0
0.0
0.0
0.0
0.0
0.0
0.0
0.0
0.0
0.0
0.0
0.0
0.0
0.0
582.0
704.0
392.0
115.0
39.0
90.0
41.0
0.0
10.0
150.0
351.0
0.0
0.0
0.0
0.0
0.0
0.0
0.0
0.0
0.0
0.0
0.0
0.0
1.0
463.0
696.0
855.0
891.0
686.0
714.0
302.0
374.0
549.0
169.0
81.0
0.0
0.0
0.0
0.0
0.0
0.0
0.0
0.0
0.0
0.0
0.0
0.0
29.0
583.0
740.0
868.0
982.0
995.0
996.0
904.0
945.0
881.0
733.0
474.0
0.0
0.0
0.0
0.0
0.0
0.0
0.0
0.0
0.0
0.0
0.0
0.0
15.0
237.0
286.0
643.0
686.0
514.0
495.0
371.0
320.0
184.0
52.0
0.0
0.0
0.0
0.0
0.0
0.0
0.0
0.0
0.0
0.0
0.0
0.0
0.0
0.0
0.0
6.0
32.0
8.0
4.0
1.0
0.0
0.0
0.0
0.0
0.0
0.0
0.0
0.0
0.0
0.0
0.0
0.0
0.0
0.0
0.0
0.0
0.0
82.0
638.0
787.0
914.0
974.0
992.0
912.0
628.0
661.0
782.0
601.0
281.0
0.0
0.0
0.0
0.0
0.0
0.0
0.0
0.0
0.0
0.0
0.0
0.0
89.0
643.0
749.0
867.0
974.0
982.0
979.0
883.0
822.0
836.0
702.0
372.0
0.0
0.0
0.0
0.0
0.0
0.0
0.0
0.0
0.0
0.0
0.0
0.0
0.0
81.0
248.0
378.0
451.0
620.0
724.0
671.0
541.0
431.0
227.0
1.0
0.0
0.0
0.0
0.0
0.0
0.0
0.0
0.0
0.0
0.0
0.0
0.0
0.0
0.0
0.0
0.0
0.0
0.0
0.0
0.0
2.0
1.0
0.0
0.0
0.0
0.0
0.0
0.0
0.0
0.0
0.0
0.0
0.0
0.0
0.0
0.0
0.0
0.0
0.0
0.0
0.0
0.0
0.0
0.0
0.0
3.0
103.0
69.0
0.0
0.0
0.0
0.0
0.0
0.0
0.0
0.0
0.0
0.0
0.0
0.0
0.0
6.0
186.0
248.0
273.0
139.0
584.0
661.0
573.0
783.0
714.0
368.0
0.0
0.0
0.0
0.0
0.0
0.0
0.0
0.0
0.0
0.0
0.0
0.0
0.0
0.0
3.0
30.0
17.0
13.0
1.0
1.0
0.0
0.0
0.0
0.0
0.0
0.0
0.0
0.0
0.0
0.0
0.0
0.0
0.0
0.0
0.0
0.0
209.0
678.0
736.0
288.0
76.0
128.0
397.0
268.0
247.0
259.0
384.0
406.0
0.0
0.0
0.0
0.0
0.0
0.0
0.0
0.0
0.0
0.0
0.0
0.0
24.0
47.0
182.0
458.0
771.0
908.0
1022.0
994.0
982.0
809.0
652.0
596.0
0.0
0.0
0.0
0.0
0.0
0.0
0.0
0.0
0.0
0.0
0.0
0.0
38.0
313.0
637.0
696.0
209.0
50.0
13.0
3.0
4.0
8.0
67.0
136.0
0.0
0.0
0.0
0.0
0.0
0.0
0.0
0.0
0.0
0.0
0.0
0.0
312.0
673.0
863.0
946.0
894.0
728.0
452.0
673.0
255.0
85.0
10.0
0.0
0.0
0.0
0.0
0.0
0.0
0.0
0.0
0.0
0.0
0.0
0.0
0.0
0.0
8.0
63.0
77.0
49.0
12.0
15.0
3.0
0.0
0.0
0.0
0.0
0.0
0.0
0.0
0.0
0.0
0.0
0.0
0.0
0.0
0.0
0.0
0.0
0.0
0.0
0.0
174.0
679.0
934.0
1028.0
1004.0
911.0
802.0
419.0
323.0
0.0
0.0
0.0
0.0
0.0
0.0
0.0
0.0
0.0
0.0
0.0
0.0
279.0
591.0
835.0
892.0
915.0
926.0
1003.0
988.0
970.0
904.0
719.0
361.0
0.0
0.0
0.0
0.0
0.0
0.0
0.0
0.0
0.0
0.0
0.0
0.0
238.0
595.0
834.0
885.0
979.0
1001.0
1001.0
981.0
966.0
791.0
528.0
205.0
0.0
0.0
0.0
0.0
0.0
0.0
0.0
0.0
0.0
0.0
0.0
0.0
0.0
0.0
0.0
0.0
0.0
0.0
0.0
0.0
0.0
0.0
0.0
0.0
0.0
0.0
0.0
0.0
0.0
0.0
0.0
0.0
0.0
0.0
0.0
0.0
0.0
70.0
189.0
355.0
105.0
0.0
0.0
2.0
13.0
134.0
354.0
266.0
0.0
0.0
0.0
0.0
0.0
0.0
0.0
0.0
0.0
0.0
0.0
0.0
68.0
9.0
0.0
0.0
0.0
1.0
6.0
13.0
0.0
0.0
0.0
0.0
0.0
0.0
0.0
0.0
0.0
0.0
0.0
0.0
0.0
0.0
0.0
0.0
0.0
0.0
0.0
34.0
474.0
924.0
1022.0
1019.0
986.0
926.0
802.0
666.0
61.0
0.0
0.0
0.0
0.0
0.0
0.0
0.0
0.0
0.0
0.0
0.0
30.0
288.0
324.0
372.0
245.0
354.0
592.0
326.0
125.0
673.0
741.0
655.0
211.0
0.0
0.0
0.0
0.0
0.0
0.0
0.0
0.0
0.0
0.0
0.0
17.0
414.0
689.0
811.0
928.0
914.0
896.0
808.0
456.0
603.0
662.0
511.0
127.0
0.0
0.0
0.0
0.0
0.0
0.0
0.0
0.0
0.0
0.0
0.0
0.0
103.0
478.0
501.0
574.0
774.0
871.0
869.0
872.0
794.0
605.0
399.0
37.0
0.0
0.0
0.0
0.0
0.0
0.0
0.0
0.0
0.0
0.0
0.0
0.0
12.0
131.0
295.0
300.0
65.0
0.0
0.0
0.0
0.0
0.0
0.0
0.0
0.0
0.0
0.0
0.0
0.0
0.0
0.0
0.0
0.0
0.0
0.0
282.0
642.0
840.0
917.0
940.0
946.0
998.0
996.0
966.0
940.0
798.0
619.0
142.0
0.0
0.0
0.0
0.0
0.0
0.0
0.0
0.0
0.0
0.0
0.0
363.0
725.0
765.0
568.0
355.0
413.0
93.0
25.0
8.0
176.0
614.0
644.0
222.0
0.0
0.0
0.0
0.0
0.0
0.0
0.0
0.0
0.0
0.0
0.0
449.0
568.0
449.0
423.0
403.0
162.0
17.0
11.0
51.0
289.0
608.0
555.0
242.0
0.0
0.0
0.0
0.0
0.0
0.0
0.0
0.0
0.0
0.0
0.0
408.0
363.0
559.0
679.0
646.0
752.0
848.0
859.0
850.0
799.0
524.0
388.0
60.0
0.0
0.0
0.0
0.0
0.0
0.0
0.0
0.0
0.0
0.0
0.0
0.0
0.0
0.0
8.0
138.0
143.0
179.0
296.0
189.0
53.0
0.0
0.0
0.0
0.0
0.0
0.0
0.0
0.0
0.0
0.0
0.0
0.0
0.0
0.0
143.0
224.0
521.0
667.0
623.0
771.0
525.0
266.0
58.0
106.0
64.0
0.0
0.0
0.0
0.0
0.0
0.0
0.0
0.0
0.0
0.0
0.0
0.0
0.0
0.0
0.0
0.0
0.0
0.0
0.0
1.0
2.0
1.0
0.0
0.0
0.0
0.0
0.0
0.0
0.0
0.0
0.0
0.0
0.0
0.0
0.0
0.0
0.0
0.0
0.0
0.0
0.0
5.0
1.0
0.0
0.0
0.0
0.0
0.0
0.0
0.0
0.0
0.0
0.0
0.0
0.0
0.0
0.0
0.0
0.0
0.0
0.0
0.0
0.0
0.0
0.0
0.0
15.0
31.0
3.0
1.0
1.0
10.0
98.0
131.0
0.0
0.0
0.0
0.0
0.0
0.0
0.0
0.0
0.0
0.0
0.0
442.0
336.0
88.0
8.0
72.0
78.0
17.0
191.0
475.0
577.0
174.0
0.0
0.0
0.0
0.0
0.0
0.0
0.0
0.0
0.0
0.0
0.0
0.0
0.0
0.0
3.0
6.0
7.0
76.0
12.0
19.0
85.0
77.0
11.0
36.0
178.0
54.0
0.0
0.0
0.0
0.0
0.0
0.0
0.0
0.0
0.0
0.0
28.0
593.0
793.0
867.0
876.0
567.0
783.0
904.0
955.0
929.0
913.0
791.0
621.0
290.0
0.0
0.0
0.0
0.0
0.0
0.0
0.0
0.0
0.0
0.0
53.0
588.0
774.0
863.0
922.0
926.0
926.0
926.0
930.0
920.0
823.0
674.0
358.0
254.0
0.0
0.0
0.0
0.0
0.0
0.0
0.0
0.0
0.0
0.0
60.0
504.0
596.0
248.0
101.0
352.0
487.0
404.0
150.0
7.0
1.0
0.0
0.0
0.0
0.0
0.0
0.0
0.0
0.0
0.0
0.0
0.0
0.0
0.0
0.0
18.0
5.0
0.0
2.0
1.0
2.0
2.0
9.0
34.0
59.0
16.0
0.0
0.0
0.0
0.0
0.0
0.0
0.0
0.0
0.0
0.0
0.0
0.0
0.0
0.0
0.0
0.0
0.0
0.0
0.0
0.0
0.0
0.0
0.0
0.0
0.0
0.0
0.0
0.0
0.0
0.0
0.0
0.0
0.0
0.0
0.0
0.0
0.0
0.0
111.0
371.0
716.0
914.0
787.0
431.0
23.0
2.0
0.0
0.0
0.0
0.0
0.0
0.0
0.0
0.0
0.0
0.0
0.0
0.0
0.0
0.0
31.0
78.0
554.0
806.0
904.0
907.0
886.0
869.0
783.0
818.0
797.0
624.0
379.0
69.0
0.0
0.0
0.0
0.0
0.0
0.0
0.0
0.0
0.0
0.0
129.0
613.0
685.0
842.0
893.0
896.0
902.0
889.0
746.0
695.0
639.0
541.0
391.0
66.0
0.0
0.0
0.0
0.0
0.0
0.0
0.0
0.0
0.0
0.0
134.0
343.0
318.0
653.0
695.0
500.0
274.0
137.0
63.0
18.0
3.0
32.0
18.0
0.0
0.0
0.0
0.0
0.0
0.0
0.0
0.0
0.0
0.0
0.0
0.0
0.0
228.0
543.0
617.0
269.0
44.0
147.0
6.0
13.0
30.0
0.0
0.0
0.0
0.0
0.0
0.0
0.0
0.0
0.0
0.0
0.0
0.0
0.0
164.0
608.0
746.0
907.0
929.0
942.0
945.0
902.0
763.0
729.0
694.0
554.0
192.0
43.0
0.0
0.0
0.0
0.0
0.0
0.0
0.0
0.0
0.0
0.0
0.0
0.0
0.0
176.0
605.0
818.0
881.0
854.0
836.0
810.0
695.0
599.0
378.0
71.0
0.0
0.0
0.0
0.0
0.0
0.0
0.0
0.0
0.0
0.0
186.0
656.0
753.0
850.0
874.0
808.0
736.0
695.0
452.0
365.0
146.0
6.0
0.0
0.0
0.0
0.0
0.0
0.0
0.0
0.0
0.0
0.0
0.0
0.0
0.0
0.0
0.0
0.0
0.0
2.0
0.0
0.0
0.0
155.0
33.0
0.0
0.0
0.0
0.0
0.0
0.0
0.0
0.0
0.0
0.0
0.0
0.0
0.0
0.0
58.0
70.0
86.0
105.0
345.0
331.0
106.0
12.0
2.0
0.0
0.0
0.0
0.0
0.0
0.0
0.0
0.0
0.0
0.0
0.0
0.0
0.0
0.0
0.0
0.0
0.0
0.0
0.0
0.0
0.0
0.0
0.0
0.0
0.0
0.0
0.0
0.0
0.0
0.0
0.0
0.0
0.0
0.0
0.0
0.0
0.0
0.0
0.0
462.0
708.0
569.0
394.0
202.0
203.0
306.0
302.0
299.0
388.0
549.0
581.0
514.0
0.0
0.0
0.0
0.0
0.0
0.0
0.0
0.0
0.0
0.0
483.0
777.0
800.0
759.0
491.0
503.0
814.0
919.0
811.0
798.0
874.0
739.0
754.0
522.0
0.0
0.0
0.0
0.0
0.0
0.0
0.0
0.0
0.0
0.0
94.0
154.0
177.0
95.0
99.0
100.0
0.0
21.0
1.0
0.0
0.0
0.0
0.0
0.0
0.0
0.0
0.0
0.0
0.0
0.0
0.0
0.0
0.0
0.0
3.0
423.0
718.0
730.0
18.0
2.0
24.0
92.0
22.0
8.0
3.0
25.0
0.0
0.0
0.0
0.0
0.0
0.0
0.0
0.0
0.0
0.0
0.0
0.0
243.0
631.0
833.0
900.0
901.0
864.0
698.0
888.0
858.0
660.0
279.0
86.0
13.0
0.0
0.0
0.0
0.0
0.0
0.0
0.0
0.0
0.0
0.0
0.0
303.0
396.0
211.0
331.0
538.0
648.0
709.0
771.0
716.0
640.0
528.0
443.0
296.0
61.0
0.0
0.0
0.0
0.0
0.0
0.0
0.0
0.0
0.0
0.0
296.0
426.0
415.0
386.0
275.0
428.0
509.0
734.0
706.0
748.0
619.0
473.0
90.0
0.0
0.0
0.0
0.0
0.0
0.0
0.0
0.0
0.0
0.0
0.0
0.0
0.0
6.0
33.0
141.0
136.0
199.0
464.0
214.0
162.0
31.0
0.0
0.0
0.0
0.0
0.0
0.0
0.0
0.0
0.0
0.0
0.0
0.0
0.0
136.0
44.0
26.0
243.0
295.0
220.0
246.0
218.0
94.0
190.0
314.0
198.0
142.0
13.0
0.0
0.0
0.0
0.0
0.0
0.0
0.0
0.0
0.0
0.0
0.0
0.0
4.0
11.0
6.0
14.0
22.0
8.0
16.0
14.0
3.0
1.0
0.0
0.0
0.0
0.0
0.0
0.0
0.0
0.0
0.0
0.0
0.0
0.0
255.0
603.0
814.0
885.0
830.0
780.0
604.0
168.0
248.0
88.0
0.0
0.0
0.0
56.0
0.0
0.0
0.0
0.0
0.0
0.0
0.0
0.0
0.0
0.0
257.0
537.0
408.0
267.0
144.0
86.0
9.0
13.0
93.0
18.0
0.0
49.0
64.0
8.0
0.0
0.0
0.0
0.0
0.0
0.0
0.0
0.0
0.0
0.0
0.0
0.0
24.0
44.0
46.0
126.0
318.0
14.0
190.0
168.0
50.0
72.0
225.0
45.0
0.0
0.0
0.0
0.0
0.0
0.0
0.0
0.0
0.0
0.0
378.0
663.0
793.0
736.0
799.0
752.0
794.0
802.0
646.0
688.0
606.0
433.0
382.0
109.0
0.0
0.0
0.0
0.0
0.0
0.0
0.0
0.0
0.0
0.0
422.0
699.0
732.0
859.0
870.0
845.0
743.0
437.0
547.0
371.0
367.0
373.0
187.0
250.0
0.0
0.0
0.0
0.0
0.0
0.0
0.0
0.0
0.0
0.0
169.0
574.0
735.0
797.0
797.0
769.0
776.0
761.0
717.0
697.0
675.0
610.0
457.0
201.0
0.0
0.0
0.0
0.0
0.0
0.0
0.0
0.0
0.0
0.0
197.0
533.0
676.0
759.0
791.0
819.0
804.0
791.0
732.0
516.0
474.0
379.0
189.0
114.0
0.0
0.0
0.0
0.0
0.0
0.0
0.0
0.0
0.0
0.0
0.0
0.0
0.0
0.0
0.0
0.0
0.0
1.0
58.0
228.0
71.0
94.0
219.0
92.0
0.0
0.0
0.0
0.0
0.0
0.0
0.0
0.0
0.0
0.0
0.0
0.0
136.0
303.0
176.0
33.0
229.0
199.0
21.0
21.0
89.0
119.0
0.0
0.0
0.0
0.0
0.0
0.0
0.0
0.0
0.0
0.0
0.0
0.0
390.0
624.0
703.0
653.0
96.0
98.0
99.0
99.0
99.0
583.0
662.0
814.0
752.0
622.0
170.0
0.0
0.0
0.0
0.0
0.0
0.0
0.0
0.0
0.0
280.0
544.0
700.0
927.0
959.0
822.0
747.0
681.0
609.0
497.0
455.0
316.0
164.0
1.0
0.0
0.0
0.0
0.0
0.0
0.0
0.0
0.0
0.0
0.0
33.0
64.0
41.0
16.0
218.0
326.0
372.0
91.0
92.0
268.0
77.0
76.0
200.0
74.0
0.0
0.0
0.0
0.0
0.0
0.0
0.0
0.0
0.0
0.0
29.0
92.0
212.0
207.0
486.0
439.0
520.0
562.0
262.0
251.0
43.0
26.0
186.0
73.0
0.0
0.0
0.0
0.0
0.0
0.0
0.0
0.0
0.0
0.0
0.0
0.0
0.0
1.0
9.0
9.0
87.0
396.0
416.0
567.0
719.0
781.0
603.0
350.0
80.0
0.0
0.0
0.0
0.0
0.0
0.0
0.0
0.0
0.0
374.0
546.0
646.0
747.0
753.0
767.0
898.0
924.0
904.0
888.0
821.0
515.0
77.0
6.0
0.0
0.0
0.0
0.0
0.0
0.0
0.0
0.0
0.0
0.0
103.0
359.0
528.0
269.0
498.0
485.0
562.0
491.0
468.0
311.0
474.0
596.0
621.0
459.0
118.0
0.0
0.0
0.0
0.0
0.0
0.0
0.0
0.0
0.0
413.0
616.0
755.0
813.0
802.0
704.0
689.0
607.0
221.0
24.0
101.0
213.0
483.0
477.0
79.0
0.0
0.0
0.0
0.0
0.0
0.0
0.0
0.0
0.0
371.0
622.0
421.0
324.0
153.0
136.0
465.0
584.0
563.0
471.0
369.0
128.0
146.0
66.0
36.0
0.0
0.0
0.0
0.0
0.0
0.0
0.0
0.0
0.0
188.0
184.0
314.0
415.0
541.0
479.0
537.0
569.0
561.0
497.0
452.0
424.0
428.0
288.0
96.0
0.0
0.0
0.0
0.0
0.0
0.0
0.0
0.0
0.0
142.0
385.0
524.0
532.0
472.0
548.0
482.0
323.0
188.0
165.0
358.0
488.0
421.0
270.0
60.0
0.0
0.0
0.0
0.0
0.0
0.0
0.0
0.0
0.0
205.0
157.0
220.0
351.0
380.0
456.0
221.0
213.0
298.0
141.0
74.0
21.0
68.0
143.0
51.0
0.0
0.0
0.0
0.0
0.0
0.0
0.0
0.0
0.0
129.0
169.0
232.0
371.0
414.0
499.0
330.0
318.0
414.0
422.0
304.0
89.0
3.0
0.0
9.0
0.0
0.0
0.0
0.0
0.0
0.0
0.0
0.0
0.0
0.0
0.0
0.0
11.0
245.0
434.0
317.0
591.0
800.0
817.0
792.0
764.0
727.0
556.0
220.0
0.0
0.0
0.0
0.0
0.0
0.0
0.0
0.0
0.0
383.0
503.0
664.0
826.0
890.0
897.0
936.0
948.0
900.0
888.0
880.0
828.0
769.0
583.0
236.0
0.0
0.0
0.0
0.0
0.0
0.0
0.0
0.0
0.0
355.0
641.0
778.0
859.0
886.0
904.0
934.0
941.0
865.0
743.0
659.0
498.0
169.0
0.0
62.0
0.0
0.0
0.0
0.0
0.0
0.0
0.0
0.0
0.0
0.0
0.0
0.0
0.0
0.0
0.0
0.0
0.0
0.0
0.0
0.0
0.0
0.0
0.0
0.0
0.0
0.0
0.0
0.0
0.0
0.0
0.0
0.0
0.0
0.0
0.0
0.0
0.0
0.0
9.0
92.0
57.0
208.0
28.0
157.0
331.0
301.0
81.0
73.0
0.0
0.0
0.0
0.0
0.0
0.0
0.0
0.0
0.0
0.0
0.0
74.0
44.0
109.0
28.0
9.0
14.0
156.0
192.0
172.0
268.0
70.0
0.0
33.0
0.0
0.0
0.0
0.0
0.0
0.0
0.0
0.0
0.0
131.0
0.0
0.0
94.0
32.0
26.0
243.0
563.0
430.0
295.0
114.0
343.0
494.0
234.0
126.0
0.0
0.0
0.0
0.0
0.0
0.0
0.0
0.0
0.0
137.0
495.0
657.0
688.0
702.0
138.0
21.0
115.0
10.0
7.0
9.0
0.0
0.0
0.0
0.0
0.0
0.0
0.0
0.0
0.0
0.0
0.0
0.0
0.0
301.0
625.0
671.0
274.0
97.0
13.0
90.0
6.0
11.0
9.0
3.0
2.0
2.0
0.0
0.0
0.0
0.0
0.0
0.0
0.0
0.0
0.0
0.0
0.0
35.0
16.0
24.0
328.0
627.0
468.0
152.0
6.0
5.0
65.0
13.0
2.0
0.0
0.0
87.0
0.0
0.0
0.0
0.0
0.0
0.0
0.0
0.0
0.0
28.0
62.0
357.0
698.0
774.0
653.0
421.0
660.0
776.0
517.0
513.0
235.0
71.0
161.0
91.0
0.0
0.0
0.0
0.0
0.0
0.0
0.0
0.0
0.0
264.0
569.0
658.0
668.0
651.0
607.0
742.0
801.0
726.0
642.0
481.0
386.0
179.0
207.0
165.0
0.0
0.0
0.0
0.0
0.0
0.0
0.0
0.0
0.0
182.0
338.0
500.0
595.0
618.0
561.0
378.0
466.0
412.0
36.0
0.0
0.0
0.0
0.0
79.0
0.0
0.0
0.0
0.0
0.0
0.0
0.0
0.0
0.0
263.0
517.0
748.0
719.0
817.0
886.0
879.0
912.0
897.0
860.0
833.0
795.0
691.0
488.0
200.0
0.0
0.0
0.0
0.0
0.0
0.0
0.0
0.0
0.0
26.0
8.0
21.0
11.0
109.0
470.0
551.0
171.0
411.0
184.0
1.0
0.0
0.0
0.0
0.0
0.0
0.0
0.0
0.0
0.0
0.0
0.0
0.0
0.0
0.0
0.0
97.0
538.0
820.0
853.0
655.0
630.0
411.0
594.0
767.0
799.0
687.0
449.0
228.0
0.0
0.0
0.0
0.0
0.0
0.0
0.0
0.0
0.0
381.0
587.0
726.0
792.0
803.0
819.0
924.0
934.0
817.0
589.0
258.0
186.0
123.0
139.0
143.0
0.0
0.0
0.0
0.0
0.0
0.0
0.0
0.0
0.0
0.0
0.0
0.0
0.0
0.0
117.0
409.0
109.0
4.0
0.0
0.0
0.0
0.0
0.0
34.0
0.0
0.0
0.0
0.0
0.0
0.0
0.0
0.0
0.0
275.0
322.0
329.0
497.0
498.0
671.0
678.0
194.0
96.0
476.0
557.0
623.0
741.0
700.0
402.0
0.0
0.0
0.0
0.0
0.0
0.0
0.0
0.0
0.0
0.0
0.0
0.0
0.0
27.0
39.0
338.0
658.0
749.0
544.0
516.0
181.0
340.0
372.0
168.0
0.0
0.0
0.0
0.0
0.0
0.0
0.0
0.0
0.0
103.0
68.0
97.0
401.0
786.0
895.0
865.0
566.0
419.0
209.0
94.0
0.0
0.0
0.0
0.0
0.0
0.0
0.0
0.0
0.0
0.0
0.0
0.0
0.0
273.0
463.0
656.0
714.0
713.0
617.0
708.0
810.0
787.0
769.0
713.0
647.0
332.0
174.0
94.0
0.0
0.0
0.0
0.0
0.0
0.0
0.0
0.0
0.0
4.0
0.0
85.0
309.0
574.0
646.0
664.0
552.0
494.0
98.0
22.0
0.0
0.0
0.0
0.0
0.0
0.0
0.0
0.0
0.0
0.0
0.0
0.0
0.0
0.0
0.0
0.0
0.0
0.0
2.0
2.0
19.0
6.0
19.0
240.0
420.0
300.0
136.0
62.0
0.0
0.0
0.0
0.0
0.0
0.0
0.0
0.0
0.0
219.0
394.0
598.0
748.0
737.0
772.0
779.0
767.0
749.0
680.0
607.0
486.0
200.0
293.0
129.0
0.0
0.0
0.0
0.0
0.0
0.0
0.0
0.0
0.0
242.0
512.0
719.0
781.0
797.0
839.0
858.0
779.0
541.0
406.0
276.0
523.0
523.0
288.0
109.0
0.0
0.0
0.0
0.0
0.0
0.0
0.0
0.0
0.0
175.0
410.0
649.0
673.0
608.0
466.0
429.0
189.0
313.0
494.0
340.0
175.0
147.0
89.0
124.0
0.0
0.0
0.0
0.0
0.0
0.0
0.0
0.0
0.0
251.0
259.0
430.0
639.0
511.0
499.0
377.0
55.0
88.0
323.0
420.0
603.0
426.0
463.0
137.0
0.0
0.0
0.0
0.0
0.0
0.0
0.0
0.0
0.0
292.0
669.0
816.0
843.0
841.0
865.0
859.0
842.0
823.0
864.0
841.0
824.0
731.0
592.0
245.0
0.0
0.0
0.0
0.0
0.0
0.0
0.0
0.0
0.0
271.0
611.0
754.0
800.0
795.0
826.0
780.0
649.0
476.0
467.0
390.0
235.0
114.0
45.0
65.0
0.0
0.0
0.0
0.0
0.0
0.0
0.0
0.0
0.0
0.0
1.0
218.0
270.0
78.0
258.0
389.0
165.0
149.0
163.0
137.0
131.0
62.0
26.0
90.0
0.0
0.0
0.0
0.0
0.0
0.0
0.0
0.0
0.0
107.0
481.0
210.0
287.0
618.0
503.0
497.0
583.0
759.0
631.0
404.0
456.0
570.0
479.0
251.0
0.0
0.0
0.0
0.0
0.0
0.0
0.0
0.0
0.0
278.0
627.0
794.0
875.0
896.0
887.0
927.0
880.0
740.0
578.0
349.0
548.0
592.0
381.0
143.0
0.0
0.0
0.0
0.0
0.0
0.0
0.0
0.0
0.0
259.0
598.0
766.0
852.0
874.0
914.0
920.0
898.0
665.0
258.0
114.0
470.0
689.0
548.0
149.0
0.0
0.0
0.0
0.0
0.0
0.0
0.0
0.0
0.0
324.0
591.0
764.0
805.0
820.0
800.0
724.0
587.0
265.0
156.0
498.0
177.0
0.0
0.0
20.0
0.0
0.0
0.0
0.0
0.0
0.0
0.0
0.0
0.0
252.0
535.0
687.0
714.0
669.0
810.0
875.0
832.0
708.0
267.0
108.0
96.0
9.0
0.0
0.0
0.0
0.0
0.0
0.0
0.0
0.0
0.0
0.0
0.0
0.0
0.0
20.0
47.0
68.0
263.0
526.0
748.0
761.0
524.0
215.0
15.0
18.0
54.0
31.0
0.0
0.0
0.0
0.0
0.0
0.0
0.0
0.0
0.0
146.0
92.0
136.0
356.0
338.0
237.0
146.0
236.0
167.0
63.0
16.0
0.0
0.0
0.0
0.0
0.0
0.0
0.0
0.0
0.0
0.0
0.0
0.0
0.0
0.0
0.0
0.0
0.0
0.0
0.0
0.0
0.0
0.0
0.0
0.0
0.0
0.0
0.0
0.0
0.0
0.0
0.0
0.0
0.0
0.0
0.0
0.0
0.0
0.0
0.0
0.0
9.0
21.0
8.0
24.0
49.0
7.0
111.0
178.0
328.0
175.0
67.0
48.0
0.0
0.0
0.0
0.0
0.0
0.0
0.0
0.0
0.0
77.0
597.0
782.0
761.0
571.0
656.0
865.0
915.0
813.0
808.0
847.0
774.0
540.0
431.0
138.0
0.0
0.0
0.0
0.0
0.0
0.0
0.0
0.0
0.0
253.0
578.0
733.0
790.0
791.0
822.0
809.0
741.0
745.0
793.0
774.0
736.0
637.0
400.0
0.0
0.0
0.0
0.0
0.0
0.0
0.0
0.0
0.0
0.0
233.0
224.0
60.0
185.0
691.0
823.0
743.0
558.0
195.0
85.0
299.0
566.0
532.0
371.0
107.0
0.0
0.0
0.0
0.0
0.0
0.0
0.0
0.0
0.0
220.0
649.0
0.0
0.0
0.0
0.0
96.0
466.0
471.0
473.0
411.0
405.0
418.0
169.0
51.0
0.0
0.0
0.0
0.0
0.0
0.0
0.0
0.0
0.0
69.0
0.0
0.0
0.0
0.0
0.0
1.0
3.0
4.0
2.0
0.0
10.0
0.0
0.0
11.0
0.0
0.0
0.0
0.0
0.0
0.0
0.0
0.0
0.0
201.0
330.0
297.0
398.0
558.0
671.0
536.0
359.0
143.0
111.0
188.0
280.0
103.0
3.0
0.0
0.0
0.0
0.0
0.0
0.0
0.0
0.0
0.0
0.0
0.0
0.0
0.0
0.0
0.0
0.0
0.0
0.0
0.0
0.0
0.0
0.0
0.0
0.0
0.0
0.0
0.0
0.0
0.0
0.0
0.0
0.0
0.0
0.0
0.0
0.0
0.0
0.0
1.0
3.0
117.0
397.0
469.0
629.0
739.0
766.0
713.0
517.0
71.0
0.0
0.0
0.0
0.0
0.0
0.0
0.0
0.0
0.0
164.0
431.0
689.0
776.0
798.0
816.0
791.0
745.0
368.0
337.0
309.0
95.0
0.0
187.0
55.0
0.0
0.0
0.0
0.0
0.0
0.0
0.0
0.0
0.0
178.0
550.0
761.0
726.0
721.0
752.0
823.0
812.0
820.0
791.0
780.0
711.0
519.0
356.0
0.0
0.0
0.0
0.0
0.0
0.0
0.0
0.0
0.0
0.0
149.0
365.0
531.0
637.0
686.0
684.0
499.0
584.0
747.0
707.0
733.0
729.0
550.0
324.0
26.0
0.0
0.0
0.0
0.0
0.0
0.0
0.0
0.0
0.0
0.0
2.0
0.0
0.0
0.0
0.0
18.0
163.0
353.0
389.0
162.0
96.0
112.0
196.0
18.0
0.0
0.0
0.0
0.0
0.0
0.0
0.0
0.0
0.0
52.0
261.0
436.0
560.0
615.0
648.0
694.0
724.0
693.0
637.0
469.0
46.0
0.0
12.0
0.0
0.0
0.0
0.0
0.0
0.0
0.0
0.0
0.0
0.0
64.0
116.0
115.0
22.0
0.0
3.0
9.0
0.0
1.0
1.0
0.0
0.0
0.0
111.0
2.0
0.0
0.0
0.0
0.0
0.0
0.0
0.0
0.0
0.0
42.0
122.0
254.0
509.0
554.0
535.0
168.0
52.0
250.0
581.0
634.0
236.0
201.0
290.0
3.0
0.0
0.0
0.0
0.0
0.0
0.0
0.0
0.0
0.0
49.0
258.0
166.0
163.0
200.0
422.0
689.0
657.0
233.0
104.0
410.0
582.0
431.0
100.0
0.0
0.0
0.0
0.0
0.0
0.0
0.0
0.0
0.0
0.0
0.0
0.0
0.0
0.0
3.0
2.0
8.0
94.0
24.0
15.0
18.0
132.0
30.0
0.0
0.0
0.0
0.0
0.0
0.0
0.0
0.0
0.0
0.0
0.0
80.0
568.0
703.0
782.0
656.0
147.0
94.0
68.0
11.0
13.0
215.0
575.0
406.0
136.0
0.0
0.0
0.0
0.0
0.0
0.0
0.0
0.0
0.0
0.0
35.0
231.0
137.0
131.0
410.0
719.0
626.0
676.0
756.0
749.0
695.0
631.0
507.0
372.0
0.0
0.0
0.0
0.0
0.0
0.0
0.0
0.0
0.0
0.0
0.0
122.0
331.0
491.0
585.0
612.0
452.0
53.0
20.0
242.0
166.0
108.0
151.0
168.0
0.0
0.0
0.0
0.0
0.0
0.0
0.0
0.0
0.0
0.0
0.0
0.0
10.0
94.0
170.0
190.0
97.0
119.0
128.0
101.0
52.0
9.0
1.0
0.0
0.0
0.0
0.0
0.0
0.0
0.0
0.0
0.0
0.0
0.0
0.0
0.0
0.0
187.0
362.0
473.0
553.0
507.0
220.0
226.0
528.0
328.0
123.0
55.0
0.0
0.0
0.0
0.0
0.0
0.0
0.0
0.0
0.0
0.0
0.0
0.0
19.0
186.0
410.0
534.0
499.0
668.0
638.0
301.0
13.0
39.0
15.0
0.0
0.0
0.0
0.0
0.0
0.0
0.0
0.0
0.0
0.0
0.0
0.0
132.0
285.0
458.0
590.0
638.0
687.0
629.0
378.0
63.0
0.0
0.0
0.0
42.0
0.0
0.0
0.0
0.0
0.0
0.0
0.0
0.0
0.0
0.0
2.0
256.0
64.0
2.0
21.0
19.0
3.0
20.0
5.0
5.0
0.0
0.0
0.0
0.0
0.0
0.0
0.0
0.0
0.0
0.0
0.0
0.0
0.0
0.0
0.0
291.0
478.0
631.0
467.0
537.0
754.0
821.0
847.0
846.0
748.0
715.0
403.0
315.0
0.0
0.0
0.0
0.0
0.0
0.0
0.0
0.0
0.0
0.0
1.0
448.0
662.0
731.0
525.0
401.0
630.0
884.0
892.0
895.0
865.0
804.0
679.0
448.0
0.0
0.0
0.0
0.0
0.0
0.0
0.0
0.0
0.0
0.0
0.0
221.0
365.0
496.0
671.0
838.0
875.0
888.0
932.0
913.0
895.0
721.0
346.0
50.0
0.0
0.0
0.0
0.0
0.0
0.0
0.0
0.0
0.0
0.0
0.0
404.0
581.0
684.0
728.0
705.0
504.0
421.0
598.0
514.0
423.0
344.0
74.0
0.0
0.0
0.0
0.0
0.0
0.0
0.0
0.0
0.0
0.0
0.0
0.0
98.0
100.0
155.0
201.0
36.0
18.0
51.0
13.0
0.0
0.0
0.0
0.0
13.0
0.0
0.0
0.0
0.0
0.0
0.0
0.0
0.0
0.0
0.0
0.0
364.0
499.0
370.0
394.0
364.0
570.0
719.0
581.0
139.0
203.0
386.0
557.0
256.0
0.0
0.0
0.0
0.0
0.0
0.0
0.0
0.0
0.0
0.0
0.0
365.0
586.0
490.0
449.0
274.0
89.0
8.0
3.0
0.0
2.0
0.0
0.0
0.0
0.0
0.0
0.0
0.0
0.0
0.0
0.0
0.0
0.0
0.0
0.0
3.0
175.0
89.0
81.0
145.0
80.0
6.0
7.0
147.0
305.0
179.0
166.0
113.0
0.0
0.0
0.0
0.0
0.0
0.0
0.0
0.0
0.0
0.0
0.0
71.0
179.0
513.0
760.0
377.0
314.0
303.0
190.0
289.0
171.0
280.0
421.0
283.0
0.0
0.0
0.0
0.0
0.0
0.0
0.0
0.0
0.0
0.0
0.0
475.0
716.0
821.0
877.0
893.0
906.0
905.0
904.0
889.0
877.0
806.0
693.0
266.0
0.0
0.0
0.0
0.0
0.0
0.0
0.0
0.0
0.0
0.0
0.0
463.0
609.0
631.0
645.0
620.0
711.0
839.0
878.0
796.0
610.0
511.0
314.0
223.0
0.0
0.0
0.0
0.0
0.0
0.0
0.0
0.0
0.0
0.0
0.0
22.0
5.0
11.0
67.0
219.0
189.0
397.0
413.0
636.0
515.0
516.0
161.0
0.0
0.0
0.0
0.0
0.0
0.0
0.0
0.0
0.0
0.0
0.0
0.0
142.0
364.0
465.0
271.0
366.0
319.0
295.0
202.0
110.0
11.0
0.0
6.0
43.0
0.0
0.0
0.0
0.0
0.0
0.0
0.0
0.0
0.0
0.0
0.0
0.0
0.0
0.0
0.0
25.0
9.0
16.0
20.0
34.0
67.0
79.0
49.0
5.0
0.0
0.0
0.0
0.0
0.0
0.0
0.0
0.0
0.0
0.0
0.0
353.0
668.0
757.0
546.0
585.0
296.0
219.0
119.0
108.0
263.0
511.0
565.0
257.0
0.0
0.0
0.0
0.0
0.0
0.0
0.0
0.0
0.0
0.0
0.0
323.0
614.0
754.0
775.0
756.0
762.0
753.0
793.0
762.0
765.0
708.0
565.0
262.0
0.0
0.0
0.0
0.0
0.0
0.0
0.0
0.0
0.0
0.0
0.0
366.0
629.0
860.0
724.0
486.0
659.0
804.0
826.0
809.0
767.0
683.0
458.0
157.0
0.0
0.0
0.0
0.0
0.0
0.0
0.0
0.0
0.0
0.0
0.0
371.0
570.0
678.0
511.0
654.0
843.0
857.0
816.0
774.0
693.0
602.0
405.0
124.0
0.0
0.0
0.0
0.0
0.0
0.0
0.0
0.0
0.0
0.0
0.0
13.0
237.0
378.0
548.0
366.0
199.0
30.0
38.0
22.0
37.0
344.0
371.0
148.0
0.0
0.0
0.0
0.0
0.0
0.0
0.0
0.0
0.0
0.0
0.0
319.0
631.0
851.0
901.0
913.0
906.0
880.0
868.0
846.0
788.0
690.0
486.0
1.0
0.0
0.0
0.0
0.0
0.0
0.0
0.0
0.0
0.0
0.0
0.0
147.0
303.0
20.0
0.0
6.0
64.0
75.0
86.0
288.0
341.0
324.0
284.0
0.0
0.0
0.0
0.0
0.0
0.0
0.0
0.0
0.0
0.0
0.0
0.0
0.0
403.0
520.0
683.0
625.0
387.0
347.0
69.0
26.0
0.0
0.0
0.0
0.0
0.0
0.0
0.0
0.0
0.0
0.0
0.0
0.0
0.0
0.0
0.0
0.0
0.0
2.0
273.0
605.0
637.0
533.0
511.0
225.0
74.0
171.0
60.0
0.0
0.0
0.0
0.0
0.0
0.0
0.0
0.0
0.0
0.0
0.0
0.0
0.0
0.0
0.0
0.0
0.0
0.0
0.0
0.0
0.0
0.0
0.0
0.0
0.0
0.0
0.0
0.0
0.0
0.0
0.0
0.0
0.0
0.0
0.0
0.0
321.0
655.0
835.0
889.0
901.0
873.0
753.0
802.0
828.0
763.0
649.0
401.0
0.0
0.0
0.0
0.0
0.0
0.0
0.0
0.0
0.0
0.0
0.0
0.0
0.0
0.0
0.0
0.0
0.0
1.0
196.0
402.0
116.0
38.0
0.0
0.0
0.0
0.0
0.0
0.0
0.0
0.0
0.0
0.0
0.0
0.0
0.0
0.0
30.0
119.0
65.0
222.0
159.0
317.0
356.0
196.0
154.0
338.0
97.0
32.0
0.0
0.0
0.0
0.0
0.0
0.0
0.0
0.0
0.0
0.0
0.0
0.0
0.0
0.0
0.0
0.0
20.0
124.0
493.0
725.0
758.0
199.0
13.0
15.0
0.0
0.0
0.0
0.0
0.0
0.0
0.0
0.0
0.0
0.0
0.0
0.0
285.0
550.0
733.0
820.0
788.0
597.0
618.0
755.0
720.0
238.0
138.0
7.0
0.0
0.0
0.0
0.0
0.0
0.0
0.0
0.0
0.0
0.0
0.0
0.0
0.0
0.0
0.0
24.0
18.0
4.0
0.0
0.0
0.0
0.0
0.0
0.0
0.0
0.0
0.0
0.0
0.0
0.0
0.0
0.0
0.0
0.0
0.0
0.0
114.0
229.0
449.0
546.0
581.0
312.0
153.0
464.0
216.0
309.0
464.0
167.0
0.0
0.0
0.0
0.0
0.0
0.0
0.0
0.0
0.0
0.0
0.0
0.0
306.0
749.0
813.0
768.0
838.0
662.0
843.0
738.0
506.0
460.0
369.0
338.0
0.0
0.0
0.0
0.0
0.0
0.0
0.0
0.0
0.0
0.0
0.0
0.0
0.0
0.0
0.0
0.0
0.0
0.0
0.0
0.0
9.0
4.0
0.0
0.0
0.0
0.0
0.0
0.0
0.0
0.0
0.0
0.0
0.0
0.0
0.0
0.0
0.0
0.0
0.0
0.0
0.0
0.0
0.0
0.0
0.0
0.0
0.0
0.0
0.0
0.0
0.0
0.0
0.0
0.0
0.0
0.0
0.0
0.0
0.0
0.0
8.0
34.0
65.0
148.0
221.0
76.0
77.0
21.0
8.0
23.0
7.0
0.0
0.0
0.0
0.0
0.0
0.0
0.0
0.0
0.0
0.0
0.0
0.0
0.0
13.0
13.0
1.0
5.0
33.0
25.0
244.0
447.0
516.0
408.0
208.0
6.0
0.0
0.0
0.0
0.0
0.0
0.0
0.0
0.0
0.0
0.0
0.0
0.0
92.0
161.0
73.0
295.0
35.0
10.0
1.0
0.0
2.0
11.0
0.0
0.0
0.0
0.0
0.0
0.0
0.0
0.0
0.0
0.0
0.0
0.0
0.0
0.0
257.0
650.0
806.0
631.0
226.0
165.0
19.0
176.0
280.0
145.0
19.0
201.0
0.0
0.0
0.0
0.0
0.0
0.0
0.0
0.0
0.0
0.0
0.0
0.0
154.0
724.0
737.0
646.0
832.0
617.0
842.0
898.0
874.0
810.0
686.0
363.0
0.0
0.0
0.0
0.0
0.0
0.0
0.0
0.0
0.0
0.0
0.0
0.0
253.0
628.0
809.0
894.0
846.0
843.0
816.0
789.0
764.0
652.0
463.0
254.0
0.0
0.0
0.0
0.0
0.0
0.0
0.0
0.0
0.0
0.0
0.0
0.0
197.0
622.0
751.0
879.0
862.0
606.0
643.0
854.0
899.0
760.0
488.0
264.0
0.0
0.0
0.0
0.0
0.0
0.0
0.0
0.0
0.0
0.0
0.0
0.0
229.0
632.0
734.0
812.0
616.0
788.0
839.0
807.0
737.0
622.0
407.0
140.0
0.0
0.0
0.0
0.0
0.0
0.0
0.0
0.0
0.0
0.0
0.0
0.0
184.0
409.0
293.0
449.0
534.0
438.0
487.0
248.0
115.0
5.0
0.0
0.0
0.0
0.0
0.0
0.0
0.0
0.0
0.0
0.0
0.0
0.0
0.0
0.0
171.0
613.0
750.0
886.0
931.0
930.0
926.0
906.0
870.0
812.0
688.0
261.0
0.0
0.0
0.0
0.0
0.0
0.0
0.0
0.0
0.0
0.0
0.0
0.0
125.0
506.0
444.0
388.0
723.0
668.0
795.0
714.0
597.0
360.0
92.0
0.0
0.0
0.0
0.0
0.0
0.0
0.0
0.0
0.0
0.0
0.0
0.0
0.0
62.0
460.0
627.0
577.0
383.0
629.0
536.0
515.0
216.0
285.0
109.0
0.0
0.0
0.0
0.0
0.0
0.0
0.0
0.0
0.0
0.0
0.0
0.0
0.0
31.0
375.0
364.0
187.0
191.0
192.0
483.0
441.0
330.0
174.0
222.0
2.0
0.0
0.0
0.0
0.0
0.0
0.0
0.0
0.0
0.0
0.0
0.0
0.0
0.0
0.0
0.0
0.0
0.0
0.0
0.0
0.0
0.0
0.0
0.0
0.0
0.0
0.0
0.0
0.0
0.0
0.0
0.0
0.0
0.0
0.0
0.0
0.0
0.0
0.0
0.0
6.0
19.0
3.0
61.0
488.0
748.0
667.0
485.0
194.0
0.0
0.0
0.0
0.0
0.0
0.0
0.0
0.0
0.0
0.0
0.0
0.0
26.0
454.0
179.0
74.0
23.0
163.0
472.0
772.0
752.0
624.0
373.0
155.0
0.0
0.0
0.0
0.0
0.0
0.0
0.0
0.0
0.0
0.0
0.0
0.0
0.0
340.0
326.0
433.0
772.0
839.0
810.0
782.0
750.0
593.0
339.0
0.0
0.0
0.0
0.0
0.0
0.0
0.0
0.0
0.0
0.0
0.0
0.0
0.0
0.0
301.0
68.0
74.0
304.0
80.0
74.0
84.0
16.0
19.0
0.0
0.0
0.0
0.0
0.0
0.0
0.0
0.0
0.0
0.0
0.0
0.0
0.0
0.0
0.0
0.0
0.0
0.0
0.0
0.0
0.0
0.0
0.0
0.0
174.0
79.0
0.0
0.0
0.0
0.0
0.0
0.0
0.0
0.0
0.0
0.0
0.0
0.0
0.0
344.0
294.0
167.0
260.0
499.0
196.0
96.0
38.0
0.0
0.0
0.0
0.0
0.0
0.0
0.0
0.0
0.0
0.0
0.0
0.0
0.0
0.0
0.0
0.0
542.0
736.0
799.0
834.0
855.0
818.0
782.0
745.0
531.0
272.0
0.0
0.0
0.0
0.0
0.0
0.0
0.0
0.0
0.0
0.0
0.0
0.0
0.0
0.0
417.0
618.0
729.0
780.0
747.0
558.0
705.0
676.0
513.0
86.0
0.0
0.0
0.0
0.0
0.0
0.0
0.0
0.0
0.0
0.0
0.0
0.0
0.0
0.0
290.0
184.0
491.0
181.0
191.0
18.0
0.0
0.0
0.0
0.0
0.0
0.0
0.0
0.0
0.0
0.0
0.0
0.0
0.0
0.0
0.0
0.0
0.0
0.0
95.0
551.0
424.0
225.0
167.0
430.0
206.0
105.0
11.0
0.0
0.0
0.0
0.0
0.0
0.0
0.0
0.0
0.0
0.0
0.0
0.0
0.0
0.0
0.0
0.0
0.0
0.0
20.0
74.0
197.0
78.0
148.0
142.0
264.0
0.0
0.0
0.0
0.0
0.0
0.0
0.0
0.0
0.0
0.0
0.0
0.0
0.0
0.0
0.0
272.0
264.0
608.0
232.0
180.0
129.0
36.0
243.0
312.0
0.0
0.0
0.0
0.0
0.0
0.0
0.0
0.0
0.0
0.0
0.0
0.0
0.0
0.0
507.0
642.0
783.0
671.0
357.0
47.0
56.0
126.0
258.0
88.0
0.0
0.0
0.0
0.0
0.0
0.0
0.0
0.0
0.0
0.0
0.0
0.0
0.0
0.0
0.0
0.0
0.0
0.0
0.0
229.0
27.0
0.0
0.0
0.0
0.0
0.0
0.0
0.0
0.0
0.0
0.0
0.0
0.0
0.0
0.0
0.0
0.0
0.0
0.0
71.0
320.0
291.0
295.0
125.0
103.0
126.0
131.0
338.0
0.0
0.0
0.0
0.0
0.0
0.0
0.0
0.0
0.0
0.0
0.0
0.0
0.0
0.0
412.0
693.0
777.0
520.0
276.0
190.0
627.0
802.0
648.0
343.0
0.0
0.0
0.0
0.0
0.0
0.0
0.0
0.0
0.0
0.0
0.0
0.0
0.0
0.0
0.0
0.0
0.0
0.0
0.0
0.0
0.0
0.0
0.0
0.0
0.0
0.0
0.0
0.0
0.0
0.0
0.0
0.0
0.0
0.0
0.0
0.0
0.0
0.0
0.0
0.0
0.0
0.0
0.0
0.0
0.0
0.0
0.0
0.0
0.0
0.0
0.0
0.0
0.0
0.0
0.0
0.0
0.0
0.0
0.0
0.0
0.0
0.0
0.0
0.0
241.0
241.0
52.0
195.0
126.0
91.0
71.0
0.0
0.0
0.0
0.0
0.0
0.0
0.0
0.0
0.0
0.0
0.0
0.0
0.0
0.0
0.0
0.0
0.0
22.0
771.0
786.0
787.0
870.0
744.0
762.0
527.0
0.0
0.0
0.0
0.0
0.0
0.0
0.0
0.0
0.0
0.0
0.0
0.0
0.0
0.0
73.0
164.0
399.0
696.0
808.0
432.0
284.0
365.0
321.0
343.0
0.0
0.0
0.0
0.0
0.0
0.0
0.0
0.0
0.0
0.0
0.0
0.0
0.0
0.0
0.0
41.0
30.0
199.0
114.0
0.0
441.0
613.0
435.0
0.0
0.0
0.0
0.0
0.0
0.0
0.0
0.0
0.0
0.0
0.0
0.0
0.0
0.0
0.0
0.0
0.0
8.0
370.0
741.0
642.0
158.0
592.0
526.0
279.0
0.0
0.0
0.0
0.0
0.0
0.0
0.0
0.0
0.0
0.0
0.0
0.0
0.0
0.0
0.0
0.0
0.0
0.0
11.0
0.0
1.0
0.0
20.0
0.0
0.0
0.0
0.0
0.0
0.0
0.0
0.0
0.0
0.0
0.0
0.0
0.0
0.0
0.0
0.0
22.0
3.0
76.0
12.0
150.0
0.0
16.0
0.0
0.0
0.0
0.0
0.0
0.0
0.0
0.0
0.0
0.0
0.0
0.0
0.0
0.0
0.0
0.0
356.0
630.0
644.0
611.0
835.0
849.0
722.0
764.0
516.0
355.0
0.0
0.0
0.0
0.0
0.0
0.0
0.0
0.0
0.0
0.0
0.0
0.0
0.0
0.0
0.0
39.0
162.0
389.0
585.0
367.0
198.0
155.0
485.0
389.0
0.0
0.0
0.0
0.0
0.0
0.0
0.0
0.0
0.0
0.0
0.0
0.0
0.0
0.0
279.0
531.0
364.0
745.0
848.0
826.0
758.0
686.0
635.0
263.0
0.0
0.0
0.0
0.0
0.0
0.0
0.0
0.0
0.0
0.0
0.0
0.0
0.0
0.0
277.0
454.0
565.0
496.0
505.0
271.0
65.0
11.0
0.0
0.0
0.0
0.0
0.0
0.0
0.0
0.0
0.0
0.0
0.0
0.0
0.0
0.0
0.0
0.0
239.0
586.0
630.0
669.0
612.0
538.0
417.0
406.0
93.0
0.0
0.0
0.0
0.0
0.0
0.0
0.0
0.0
0.0
0.0
0.0
0.0
0.0
0.0
0.0
1.0
0.0
44.0
135.0
99.0
336.0
146.0
0.0
0.0
0.0
0.0
0.0
0.0
0.0
0.0
0.0
0.0
0.0
0.0
0.0
0.0
0.0
0.0
0.0
0.0
0.0
0.0
22.0
90.0
285.0
187.0
268.0
0.0
0.0
0.0
0.0
0.0
0.0
0.0
0.0
0.0
0.0
0.0
0.0
0.0
0.0
0.0
0.0
150.0
156.0
89.0
0.0
0.0
0.0
4.0
0.0
0.0
0.0
0.0
0.0
0.0
0.0
0.0
0.0
0.0
0.0
0.0
0.0
0.0
0.0
0.0
0.0
0.0
0.0
36.0
1.0
0.0
0.0
0.0
0.0
0.0
0.0
0.0
0.0
0.0
0.0
0.0
0.0
0.0
0.0
0.0
0.0
0.0
0.0
0.0
0.0
0.0
0.0
0.0
20.0
0.0
0.0
0.0
0.0
0.0
0.0
0.0
0.0
0.0
0.0
0.0
0.0
0.0
0.0
0.0
0.0
0.0
0.0
0.0
0.0
0.0
0.0
167.0
733.0
861.0
839.0
778.0
646.0
478.0
253.0
0.0
0.0
0.0
0.0
0.0
0.0
0.0
0.0
0.0
0.0
0.0
0.0
0.0
0.0
7.0
69.0
329.0
623.0
713.0
714.0
697.0
239.0
0.0
0.0
0.0
0.0
0.0
0.0
0.0
0.0
0.0
0.0
0.0
0.0
0.0
0.0
0.0
0.0
61.0
0.0
26.0
193.0
442.0
424.0
501.0
388.0
102.0
92.0
0.0
0.0
0.0
0.0
0.0
0.0
0.0
0.0
0.0
0.0
0.0
0.0
0.0
0.0
0.0
40.0
0.0
0.0
8.0
0.0
0.0
0.0
0.0
0.0
0.0
0.0
0.0
0.0
0.0
0.0
0.0
0.0
0.0
0.0
0.0
0.0
0.0
0.0
0.0
0.0
0.0
0.0
0.0
0.0
0.0
0.0
0.0
0.0
0.0
0.0
0.0
0.0
0.0
0.0
0.0
0.0
0.0
0.0
0.0
0.0
0.0
0.0
0.0
0.0
155.0
464.0
775.0
860.0
829.0
798.0
639.0
199.0
0.0
0.0
0.0
0.0
0.0
0.0
0.0
0.0
0.0
0.0
0.0
0.0
0.0
0.0
59.0
56.0
55.0
321.0
61.0
52.0
130.0
167.0
4.0
64.0
0.0
0.0
0.0
0.0
0.0
0.0
0.0
0.0
0.0
0.0
0.0
0.0
0.0
0.0
0.0
34.0
0.0
158.0
98.0
5.0
0.0
78.0
297.0
0.0
0.0
0.0
0.0
0.0
0.0
0.0
0.0
0.0
0.0
0.0
0.0
0.0
0.0
0.0
0.0
0.0
0.0
0.0
0.0
0.0
0.0
0.0
0.0
0.0
0.0
0.0
0.0
0.0
0.0
0.0
0.0
0.0
0.0
0.0
0.0
0.0
0.0
0.0
0.0
0.0
0.0
0.0
0.0
0.0
0.0
0.0
0.0
0.0
0.0
0.0
0.0
0.0
0.0
0.0
0.0
0.0
0.0
0.0
0.0
0.0
0.0
0.0
0.0
13.0
149.0
284.0
198.0
628.0
760.0
707.0
242.0
68.0
0.0
0.0
0.0
0.0
0.0
0.0
0.0
0.0
0.0
0.0
0.0
0.0
0.0
0.0
0.0
428.0
686.0
711.0
515.0
176.0
61.0
12.0
0.0
0.0
0.0
0.0
0.0
0.0
0.0
0.0
0.0
0.0
0.0
0.0
0.0
0.0
0.0
0.0
0.0
0.0
0.0
0.0
0.0
0.0
0.0
0.0
0.0
0.0
0.0
0.0
0.0
0.0
0.0
0.0
0.0
0.0
0.0
0.0
0.0
0.0
0.0
0.0
0.0
0.0
0.0
0.0
84.0
268.0
158.0
0.0
0.0
0.0
0.0
0.0
0.0
0.0
0.0
0.0
0.0
0.0
0.0
0.0
0.0
0.0
0.0
0.0
0.0
0.0
0.0
0.0
0.0
23.0
528.0
609.0
448.0
44.0
0.0
0.0
0.0
0.0
0.0
0.0
0.0
0.0
0.0
0.0
0.0
0.0
0.0
0.0
0.0
244.0
449.0
187.0
176.0
352.0
296.0
505.0
405.0
11.0
0.0
0.0
0.0
0.0
0.0
0.0
0.0
0.0
0.0
0.0
0.0
0.0
0.0
0.0
0.0
5.0
86.0
0.0
0.0
0.0
0.0
0.0
0.0
0.0
0.0
0.0
0.0
0.0
0.0
0.0
0.0
0.0
0.0
0.0
0.0
0.0
0.0
0.0
0.0
0.0
0.0
0.0
0.0
10.0
0.0
0.0
0.0
0.0
0.0
0.0
0.0
0.0
0.0
0.0
0.0
0.0
0.0
0.0
0.0
0.0
0.0
0.0
0.0
0.0
160.0
378.0
435.0
293.0
27.0
291.0
0.0
0.0
0.0
0.0
0.0
0.0
0.0
0.0
0.0
0.0
0.0
0.0
0.0
0.0
0.0
0.0
0.0
0.0
0.0
0.0
0.0
18.0
0.0
0.0
0.0
0.0
0.0
0.0
0.0
0.0
0.0
0.0
0.0
0.0
0.0
0.0
0.0
0.0
0.0
0.0
0.0
86.0
67.0
343.0
244.0
619.0
606.0
335.0
0.0
0.0
0.0
0.0
0.0
0.0
0.0
0.0
0.0
0.0
0.0
0.0
0.0
0.0
0.0
0.0
0.0
0.0
0.0
0.0
0.0
0.0
0.0
0.0
0.0
0.0
0.0
0.0
0.0
0.0
0.0
0.0
0.0
0.0
0.0
0.0
0.0
0.0
0.0
0.0
0.0
0.0
0.0
0.0
0.0
0.0
0.0
0.0
0.0
0.0
0.0
0.0
0.0
0.0
0.0
0.0
0.0
0.0
0.0
0.0
0.0
0.0
0.0
0.0
0.0
0.0
8.0
15.0
0.0
0.0
0.0
0.0
0.0
0.0
0.0
0.0
0.0
0.0
0.0
0.0
0.0
0.0
0.0
0.0
0.0
0.0
0.0
0.0
0.0
0.0
0.0
251.0
424.0
318.0
152.0
93.0
0.0
0.0
0.0
0.0
0.0
0.0
0.0
0.0
0.0
0.0
0.0
0.0
0.0
0.0
0.0
0.0
0.0
0.0
0.0
0.0
0.0
0.0
0.0
0.0
0.0
0.0
0.0
0.0
0.0
0.0
0.0
0.0
0.0
0.0
0.0
0.0
0.0
0.0
0.0
0.0
0.0
0.0
343.0
324.0
199.0
448.0
611.0
455.0
263.0
0.0
0.0
0.0
0.0
0.0
0.0
0.0
0.0
0.0
0.0
0.0
0.0
0.0
0.0
0.0
0.0
0.0
0.0
0.0
0.0
0.0
0.0
0.0
0.0
0.0
0.0
0.0
0.0
0.0
0.0
0.0
0.0
0.0
0.0
0.0
0.0
0.0
0.0
0.0
0.0
253.0
0.0
0.0
0.0
0.0
0.0
0.0
0.0
0.0
0.0
0.0
0.0
0.0
0.0
0.0
0.0
0.0
0.0
0.0
0.0
0.0
0.0
0.0
0.0
166.0
78.0
79.0
0.0
0.0
1.0
0.0
84.0
0.0
0.0
0.0
0.0
0.0
0.0
0.0
0.0
0.0
0.0
0.0
0.0
0.0
0.0
0.0
0.0
0.0
0.0
0.0
0.0
21.0
18.0
16.0
0.0
0.0
0.0
0.0
0.0
0.0
0.0
0.0
0.0
0.0
0.0
0.0
0.0
0.0
0.0
0.0
0.0
459.0
722.0
800.0
869.0
824.0
763.0
695.0
431.0
0.0
0.0
0.0
0.0
0.0
0.0
0.0
0.0
0.0
0.0
0.0
0.0
0.0
0.0
0.0
0.0
0.0
0.0
7.0
38.0
0.0
0.0
0.0
0.0
0.0
0.0
0.0
0.0
0.0
0.0
0.0
0.0
0.0
0.0
0.0
0.0
0.0
0.0
0.0
0.0
0.0
0.0
0.0
0.0
0.0
0.0
0.0
0.0
0.0
0.0
0.0
0.0
0.0
0.0
0.0
0.0
0.0
0.0
0.0
0.0
0.0
0.0
0.0
0.0
0.0
80.0
256.0
139.0
22.0
21.0
8.0
7.0
0.0
0.0
0.0
0.0
0.0
0.0
0.0
0.0
0.0
0.0
0.0
0.0
0.0
0.0
0.0
0.0
0.0
0.0
0.0
0.0
0.0
0.0
0.0
0.0
0.0
0.0
0.0
0.0
0.0
0.0
0.0
0.0
0.0
0.0
0.0
0.0
0.0
0.0
0.0
0.0
26.0
131.0
315.0
632.0
748.0
793.0
731.0
604.0
0.0
0.0
0.0
0.0
0.0
0.0
0.0
0.0
0.0
0.0
0.0
0.0
0.0
0.0
0.0
0.0
489.0
694.0
773.0
815.0
750.0
331.0
12.0
152.0
0.0
0.0
0.0
0.0
0.0
0.0
0.0
0.0
0.0
0.0
0.0
0.0
0.0
0.0
0.0
0.0
378.0
679.0
774.0
820.0
823.0
795.0
642.0
379.0
0.0
0.0
0.0
0.0
0.0
0.0
0.0
0.0
0.0
0.0
0.0
0.0
0.0
0.0
0.0
0.0
16.0
60.0
526.0
799.0
792.0
738.0
365.0
46.0
0.0
0.0
0.0
0.0
0.0
0.0
0.0
0.0
0.0
0.0
0.0
0.0
0.0
0.0
0.0
0.0
0.0
0.0
0.0
0.0
0.0
0.0
0.0
0.0
0.0
0.0
0.0
0.0
0.0
0.0
0.0
0.0
0.0
0.0
0.0
0.0
0.0
0.0
0.0
0.0
0.0
0.0
0.0
0.0
0.0
0.0
0.0
0.0
0.0
0.0
0.0
0.0
0.0
0.0
0.0
0.0
0.0
0.0
0.0
0.0
0.0
0.0
0.0
0.0
0.0
0.0
0.0
0.0
0.0
0.0
0.0
0.0
0.0
0.0
0.0
0.0
0.0
0.0
0.0
0.0
0.0
0.0
0.0
0.0
0.0
0.0
0.0
0.0
0.0
41.0
184.0
18.0
0.0
0.0
381.0
49.0
0.0
0.0
0.0
0.0
0.0
0.0
0.0
0.0
0.0
0.0
0.0
0.0
0.0
0.0
0.0
0.0
0.0
0.0
99.0
61.0
401.0
336.0
19.0
2.0
0.0
0.0
0.0
0.0
0.0
0.0
0.0
0.0
0.0
0.0
0.0
0.0
0.0
0.0
0.0
0.0
0.0
0.0
4.0
38.0
191.0
552.0
61.0
24.0
0.0
0.0
0.0
0.0
0.0
0.0
0.0
0.0
0.0
0.0
0.0
0.0
0.0
0.0
0.0
0.0
0.0
111.0
25.0
0.0
0.0
0.0
0.0
0.0
0.0
0.0
0.0
0.0
0.0
0.0
0.0
0.0
0.0
0.0
0.0
0.0
0.0
0.0
0.0
0.0
115.0
144.0
624.0
663.0
750.0
843.0
729.0
609.0
58.0
0.0
0.0
0.0
0.0
0.0
0.0
0.0
0.0
0.0
0.0
0.0
0.0
0.0
0.0
0.0
0.0
0.0
0.0
0.0
0.0
0.0
0.0
2.0
0.0
0.0
0.0
0.0
0.0
0.0
0.0
0.0
0.0
0.0
0.0
0.0
0.0
0.0
0.0
0.0
0.0
0.0
0.0
0.0
0.0
0.0
0.0
0.0
0.0
0.0
0.0
0.0
0.0
0.0
0.0
0.0
0.0
0.0
0.0
0.0
0.0
0.0
0.0
0.0
0.0
0.0
0.0
0.0
0.0
0.0
0.0
0.0
0.0
0.0
0.0
0.0
0.0
0.0
0.0
0.0
0.0
0.0
0.0
0.0
0.0
0.0
0.0
0.0
0.0
76.0
441.0
752.0
872.0
848.0
733.0
558.0
0.0
0.0
0.0
0.0
0.0
0.0
0.0
0.0
0.0
0.0
0.0
0.0
0.0
0.0
0.0
0.0
18.0
379.0
390.0
267.0
349.0
272.0
141.0
217.0
33.0
0.0
0.0
0.0
0.0
0.0
0.0
0.0
0.0
0.0
0.0
0.0
0.0
0.0
0.0
0.0
111.0
635.0
502.0
239.0
306.0
593.0
413.0
263.0
0.0
0.0
0.0
0.0
0.0
0.0
0.0
0.0
0.0
0.0
0.0
0.0
0.0
0.0
0.0
0.0
11.0
277.0
578.0
803.0
815.0
613.0
98.0
0.0
0.0
0.0
0.0
0.0
0.0
0.0
0.0
0.0
